5.026970717887198070e-01
4.785500627661758433e-01
4.613976359943515182e-01
4.746023102330936827e-01
nan
4.400522036549009419e-01
nan
3.791645145163666797e-01
5.185943938632738837e-01
4.979496740566339841e-01
4.971099331444606695e-01
4.315349161846773196e-01
4.777206657286170444e-01
4.107333782167507108e-01
3.420616389751599540e-01
5.217737336459282727e-01
nan
nan
nan
nan
4.574964296617607951e-01
5.520231817291322285e-01
3.860773170320883074e-01
5.748942456917540689e-01
3.775086271398646054e-01
3.954036657765388485e-01
4.114594690327297299e-01
nan
4.314261409762931154e-01
3.905734283236491633e-01
5.389149568380351418e-01
nan
nan
3.264945860808592948e-01
4.299931368064401904e-01
3.702672620364253486e-01
nan
nan
3.938643691855193696e-01
5.042198525230277006e-01
nan
2.845961989104020540e-01
4.192606007593958073e-01
3.831336083235006296e-01
3.671624813446185409e-01
3.868532024180649787e-01
5.109821245636421150e-01
nan
3.917002269664943137e-01
nan
nan
nan
4.189350304377433831e-01
4.385404400222238097e-01
4.822245448331431428e-01
4.571151497586415369e-01
4.441768769067150346e-01
6.193880810829697214e-01
3.330293208735015109e-01
nan
5.143034378510387139e-01
3.004129846997139475e-01
5.355028475169397728e-01
5.057348080486994135e-01
4.352871741067735889e-01
3.246188214300973485e-01
3.913997027045681421e-01
nan
4.066614400904239868e-01
3.843259140475846491e-01
4.828734310269163221e-01
4.401387542570642797e-01
2.913874293760995160e-01
3.678645926653461573e-01
nan
3.474529564972550499e-01
nan
4.072501616192655272e-01
4.564788825485832646e-01
4.387494057088094923e-01
3.961159427427859425e-01
4.103263601538265637e-01
4.003394112360786905e-01
3.741833914329426580e-01
3.284290847700279681e-01
3.605276179583204454e-01
nan
5.690810230424281357e-01
6.179345609984669974e-01
nan
nan
5.335733222245466756e-01
3.962145574707121587e-01
3.488086891352681351e-01
nan
4.352882779837559113e-01
3.677992047826123545e-01
3.661702602585341082e-01
nan
4.007093934041119354e-01
4.348460057505059706e-01
nan
5.030083916318720538e-01
5.203212553480177638e-01
4.492392566982736923e-01
6.321369810092554165e-01
4.900973516055881496e-01
4.148429079646215323e-01
3.370803301739054292e-01
3.810607774803996262e-01
5.245046426505194370e-01
nan
nan
4.036456567328858824e-01
5.098071351843218579e-01
nan
4.248233325885840128e-01
nan
4.238399054701413871e-01
4.188397752865379298e-01
4.423179192608703292e-01
nan
5.015749403143642260e-01
3.632604429277041524e-01
3.693692745326881965e-01
4.330988440159028174e-01
nan
nan
3.604101292550699331e-01
4.655359863809713228e-01
5.569931678028987587e-01
3.967746030326071982e-01
4.190995015232774068e-01
nan
nan
3.150496471773139850e-01
4.044404124146508961e-01
4.342750533957757675e-01
nan
6.054887751953492714e-01
3.813702469482821988e-01
nan
4.695363939759469862e-01
3.611656867931044013e-01
3.786548315668428200e-01
5.940260068012686023e-01
5.673623682076329722e-01
4.099225334348945426e-01
nan
3.521471737987342809e-01
4.917250427630866505e-01
3.088001128467268153e-01
3.686406769941113493e-01
4.281926329207620952e-01
5.160618727722108279e-01
3.505843509105061595e-01
nan
4.178804552398389105e-01
nan
3.972855298094085663e-01
3.273252474991546479e-01
3.288081433597565550e-01
4.185764056378262765e-01
5.107483137850272747e-01
nan
nan
nan
3.784758220393580341e-01
nan
4.200926708225162787e-01
4.766002091342212976e-01
nan
4.371754138475433260e-01
4.738694201642061898e-01
5.129655034176351380e-01
nan
4.955914176993046483e-01
4.403724635198965065e-01
3.742423728882866008e-01
nan
4.005759701044910304e-01
3.439324503281535605e-01
nan
3.861138085886736682e-01
4.691020013112290887e-01
5.550096652348099902e-01
2.791367461617136336e-01
4.930832320725522244e-01
3.178099210046888001e-01
3.942063247235672585e-01
nan
4.058822137990892864e-01
nan
4.924167156967745318e-01
4.035921783905992433e-01
3.289887080521640139e-01
4.177183936329486036e-01
nan
3.588979983711501620e-01
2.903418275046529273e-01
nan
4.595192580351409872e-01
3.585716330853853662e-01
5.085345051142458050e-01
nan
3.967220886654137524e-01
4.824341160503399228e-01
nan
nan
4.583757653855832781e-01
4.643506956660007345e-01
4.261691211407251934e-01
4.105020962963313869e-01
4.920270771393491227e-01
5.222427548235164529e-01
nan
3.789280894712232506e-01
4.542341819675702608e-01
4.023486240635560929e-01
5.494102689934430295e-01
5.285961124151014046e-01
nan
nan
6.178722987274827272e-01
3.761860563246613443e-01
nan
3.755650420227352737e-01
nan
3.990063011800790704e-01
4.557361907899333819e-01
nan
5.222139580963304217e-01
4.585391242575456161e-01
4.312202047500936497e-01
4.781844985405462878e-01
2.578147113767962351e-01
5.374421802580389151e-01
3.564425080274684632e-01
4.304770932398341854e-01
5.071586583704615903e-01
nan
nan
3.708550735642808793e-01
3.926501782988605083e-01
4.221569053026184570e-01
3.898650135369844394e-01
3.905306375981295597e-01
5.201805467500820734e-01
5.648637247800561978e-01
4.946054514662309720e-01
3.710286959952109331e-01
4.758226183078936300e-01
nan
4.050354028906235637e-01
5.320301199997059527e-01
4.678466748019447508e-01
nan
4.661252572706868769e-01
3.964107963752365738e-01
6.016239702952828061e-01
4.260952114043546901e-01
3.349151103884117076e-01
4.234723387015318363e-01
3.487705382975678225e-01
nan
3.415341195744035496e-01
5.135790822147681123e-01
4.153792392579009896e-01
4.743022759931369570e-01
4.659179198201386374e-01
4.072734862770242548e-01
4.958493268696979595e-01
3.412337085061560304e-01
4.751936269892757525e-01
4.083856990218672767e-01
5.932896323467992117e-01
3.724365331765278619e-01
4.260448033916100496e-01
4.881912294384068152e-01
4.778791011234202468e-01
nan
nan
3.390981309263756960e-01
nan
5.259782901266656374e-01
5.313443678928559954e-01
4.237751354786572500e-01
nan
4.724075268726677934e-01
3.340073549007274711e-01
nan
2.397348947534496955e-01
4.595554442781776827e-01
4.329475625209061596e-01
4.522647073574765364e-01
3.735343499183523819e-01
4.357448605739561720e-01
nan
nan
6.139800973462610223e-01
4.164712880694431685e-01
4.671629430844193576e-01
nan
4.504265776270174326e-01
4.861885873443336781e-01
nan
3.680346690420397415e-01
5.153071297942461992e-01
3.556330395153418089e-01
3.802257006563034003e-01
3.718479497004402723e-01
4.342589743657930823e-01
4.283159581555891493e-01
4.028232842490071519e-01
4.024908625479908797e-01
nan
3.575231127099502415e-01
4.517332261494955703e-01
3.265769237602133557e-01
nan
nan
4.538363306481394965e-01
3.550613855776371119e-01
4.019133385059378005e-01
5.188046540217016167e-01
4.208673915527443854e-01
3.569225165467135308e-01
3.917846353093956124e-01
5.051224202076404213e-01
nan
4.695217047939554966e-01
4.491958094441278471e-01
4.337266279734555696e-01
4.132782295031886544e-01
nan
4.972991038927322416e-01
4.889843431357241421e-01
6.104285370746743711e-01
nan
4.565833253658750368e-01
4.634582775869828253e-01
nan
nan
nan
3.021013320337080366e-01
3.780066063986357028e-01
3.147197850185950996e-01
4.714572741763757291e-01
3.030854936682164658e-01
4.325418857573395393e-01
4.558326834387476656e-01
4.812629654968972881e-01
7.141841886461581801e-01
4.164757991440327101e-01
4.850486840028324087e-01
3.500020028595596244e-01
4.415041311780476541e-01
4.891205986150665153e-01
4.890090536778788910e-01
4.912679240885208243e-01
4.003223734527667776e-01
4.602232600619488023e-01
5.091627402233933619e-01
4.581242177289309159e-01
4.059828703760297586e-01
3.780093786424944535e-01
4.269332114949808687e-01
3.117493077702360726e-01
3.740471348413520469e-01
4.012985209528133757e-01
5.003032839530743292e-01
4.605704002960418486e-01
4.327951672242429382e-01
4.926040705794204611e-01
nan
nan
4.102152808529080374e-01
4.590017847071665713e-01
nan
3.576849306390804673e-01
3.612572468286410210e-01
3.837009656848394679e-01
2.509093460743092585e-01
nan
5.184557929525384079e-01
nan
4.161152392977841563e-01
3.977009182684116961e-01
nan
4.045243132315529677e-01
4.661125011024610520e-01
5.392652754068449905e-01
3.594583981553188257e-01
4.555853800756072269e-01
3.175595170389691746e-01
4.301304168777416170e-01
3.591229740242348756e-01
4.842172231576805652e-01
nan
3.690567202725817952e-01
nan
3.051666528985806370e-01
3.120339596723232800e-01
nan
3.947859071334404724e-01
nan
4.763580954619723307e-01
nan
4.143819560833311155e-01
nan
4.325328552031572626e-01
nan
4.081066456211303595e-01
5.296175589846299214e-01
5.850422430918545968e-01
4.791230586684950277e-01
3.898738815751518483e-01
4.214767236285797969e-01
4.771935961572044138e-01
nan
4.273275075891360131e-01
4.485786360132328898e-01
5.017058320483159806e-01
4.203086938268452699e-01
4.524948886636889767e-01
4.407211655112031057e-01
4.166695007648985594e-01
nan
nan
4.253839039570435077e-01
3.180831814129627122e-01
nan
4.521817811139053900e-01
4.322242662869180130e-01
nan
3.465666648742159461e-01
3.933224315513351166e-01
4.730807066219516743e-01
nan
3.960440080665153517e-01
6.732525486875595711e-01
6.364736257122849405e-01
4.134989738325698938e-01
4.296282550468815131e-01
5.092244993478823867e-01
3.724738884257859373e-01
3.923190270098726451e-01
4.548368146984821947e-01
4.159071996128824167e-01
3.208048692585818151e-01
3.698256617008598424e-01
nan
4.729201590931679244e-01
3.765246094446123015e-01
3.285717354228789300e-01
nan
5.068701322798975228e-01
4.536439043832058426e-01
5.310003888194504418e-01
3.968423305545413782e-01
3.754442072671654862e-01
4.672767710417098375e-01
4.286451855134577049e-01
3.652667898158010185e-01
nan
4.382433038212406040e-01
4.600569250615991201e-01
nan
5.916117838364507442e-01
5.289173065904457793e-01
5.219047589184560021e-01
3.510773523362772930e-01
4.774577404263151137e-01
nan
4.086007231194798139e-01
nan
4.083866013055184041e-01
5.074230486119812866e-01
nan
5.836719101995623271e-01
4.142736312844269575e-01
nan
4.356949554446043482e-01
4.185471601852947532e-01
5.260371162478157947e-01
nan
4.056759919239680268e-01
3.423135205427645933e-01
4.060957472802874668e-01
3.252554306911290549e-01
4.234170712030342343e-01
nan
4.306620215265295482e-01
5.539131934402649060e-01
4.080144658340209562e-01
4.581558043635299837e-01
4.144584447822961537e-01
4.837573180749759616e-01
4.547769659811864429e-01
4.530537712014444107e-01
4.108253397480094993e-01
3.869944835997912169e-01
5.538704946427862597e-01
4.251602729963640526e-01
6.052790599271047345e-01
5.749225693765679379e-01
3.615958045766187179e-01
nan
3.754118244751190603e-01
3.967785789282792241e-01
5.193413871920288249e-01
4.736369675932542433e-01
3.184911027163530584e-01
4.132728416597006293e-01
4.145676990028052122e-01
5.267369012012859120e-01
3.910513928960502317e-01
5.326706754447287917e-01
nan
4.958858660955281494e-01
2.832498706147921763e-01
4.535984079474059683e-01
nan
nan
nan
3.916012954557233638e-01
5.333958625981989332e-01
nan
nan
3.602852576559645303e-01
3.117872835164689493e-01
4.033666315986530471e-01
5.228558353540991854e-01
5.547350287894039500e-01
nan
4.347200056347276798e-01
3.180773992197129529e-01
4.844183374195820679e-01
4.168027715254314924e-01
nan
nan
4.050480839522772603e-01
6.297650659861114830e-01
4.444009279105781141e-01
nan
5.132131523143297347e-01
nan
3.544438215433092232e-01
4.750855836428206080e-01
3.266407009441899545e-01
2.580244079818960756e-01
nan
nan
4.581075363616347040e-01
nan
5.713655657118748010e-01
3.935782450551130740e-01
3.375796352609790052e-01
3.504171014513076110e-01
3.391355456881333108e-01
5.338126532499580801e-01
3.826473717988159162e-01
3.985638159376532763e-01
5.550109403335511393e-01
5.314268598980048663e-01
3.598093858113816101e-01
3.317322323590239930e-01
nan
nan
nan
4.457834097010144325e-01
4.553675935721041568e-01
3.486846057569771284e-01
3.935219581642852571e-01
3.409616260160475698e-01
3.793475130795560535e-01
3.211125354599408954e-01
5.286570352713689802e-01
4.252714931449865787e-01
nan
nan
nan
5.037110359934456882e-01
5.447857444467992805e-01
nan
nan
3.907112943328278076e-01
3.497159425794778009e-01
3.797831624978322274e-01
4.714215536046307276e-01
nan
4.442149230046021358e-01
3.529639420646292769e-01
nan
4.572495514122388305e-01
nan
4.289340157399130771e-01
3.473010727703163547e-01
4.155181025266542205e-01
nan
4.239116592364052805e-01
5.268716623961452461e-01
nan
4.271321036259801973e-01
3.787134493939170454e-01
4.731435649171920055e-01
4.700932158634981151e-01
nan
nan
nan
3.563468831345695254e-01
3.948440549535871535e-01
3.955622782978331364e-01
3.840002730210761439e-01
4.792830851751577748e-01
4.382228660594248426e-01
3.966758233852176185e-01
nan
nan
4.377965374721580205e-01
3.295240361061019252e-01
4.803659012366602865e-01
3.954916939723222558e-01
4.703377105407967051e-01
nan
2.846024948528197429e-01
3.697098006355612476e-01
nan
nan
nan
4.564821761061502725e-01
3.259470142888873379e-01
nan
nan
nan
4.614580372999438351e-01
3.182998962187756353e-01
nan
5.051748785851959411e-01
5.163447103006650885e-01
4.263241168680128035e-01
4.309687556729288049e-01
4.980481546291297135e-01
nan
3.570833447935438665e-01
nan
3.645245343193881937e-01
nan
nan
nan
nan
nan
nan
4.256030982936150342e-01
nan
4.088666494000908203e-01
4.035949480300539127e-01
3.069079768115213214e-01
nan
4.023410947140593219e-01
4.183852688900047689e-01
4.573677580090462769e-01
5.066758571041167780e-01
4.735983992012552379e-01
nan
3.341944129426590582e-01
3.752162269914210979e-01
3.754507908187346699e-01
nan
4.039273032181165402e-01
4.436657984296705770e-01
5.280126164699832092e-01
nan
4.147800160247409051e-01
4.612695699131202920e-01
3.146135910908332556e-01
4.702928694074386406e-01
nan
3.328569542016582283e-01
5.551867695199169672e-01
3.898692768041071011e-01
4.044333657232715984e-01
3.738247294382969210e-01
nan
4.501060335007678326e-01
4.561072737036662716e-01
4.984820074753507635e-01
6.092466234718796336e-01
3.787140571724807447e-01
4.578875233447270432e-01
3.937113351107190407e-01
3.914514137556255879e-01
4.046015976233948153e-01
5.801724685865995434e-01
nan
5.031626950220178252e-01
2.727486777206407642e-01
4.711674675538203849e-01
nan
5.507610986846365186e-01
3.860655243554160232e-01
3.701930610279364764e-01
nan
5.401113340563350462e-01
nan
nan
nan
3.557542112000072754e-01
nan
4.269557508073719143e-01
4.337069756475767646e-01
nan
4.693340656910964248e-01
3.008053353845940303e-01
3.767327100385033933e-01
3.669124315744836107e-01
3.980987050029634045e-01
nan
4.268997715098669654e-01
nan
5.204672809253898524e-01
nan
4.303338199614512583e-01
nan
nan
4.108166044620686908e-01
4.054309058662707854e-01
nan
nan
3.781783296893952984e-01
5.634962037433899340e-01
4.231572866856627702e-01
4.261398322121210946e-01
3.237943835943435933e-01
4.544391517997187213e-01
4.105534530952095196e-01
6.099176160741246466e-01
3.718353418073478411e-01
5.506660340395300723e-01
5.883761233533688628e-01
3.375718450066061416e-01
nan
4.467262428262644969e-01
5.544509010708063013e-01
4.297881898289098723e-01
3.448049505333469766e-01
6.657458214731210022e-01
3.338364630976056735e-01
4.128228768773364310e-01
nan
nan
nan
5.152907146813195949e-01
4.932861240854636842e-01
6.179500608691713692e-01
4.629408203558525448e-01
4.272699955740662525e-01
3.303397663236185000e-01
4.138120312853875160e-01
4.658492407780149835e-01
3.642339526566297780e-01
3.469501056852848930e-01
5.100239136930770911e-01
5.379822008413938095e-01
3.520690934427660457e-01
nan
5.100000768194720147e-01
6.450080884929459968e-01
4.027270735013305791e-01
nan
3.757747573849326561e-01
4.205335825374219572e-01
3.704161405725542311e-01
4.184638845862780898e-01
3.980382541598139756e-01
3.137402795216271967e-01
5.201360978099794918e-01
3.505570924495003959e-01
5.411370230210321708e-01
3.057994226289451611e-01
4.004550565844396948e-01
4.839314290344428060e-01
3.114433731347595047e-01
4.754653649051525099e-01
6.348910959664146869e-01
4.339051223992596573e-01
4.627678422582074957e-01
3.745533581680392521e-01
nan
6.216723458473230046e-01
4.538873782430861703e-01
4.508117054948896363e-01
5.082283121119152147e-01
5.248099941725106188e-01
4.863740131063350458e-01
4.145182324225488157e-01
3.720372761762653635e-01
3.991434082822643559e-01
nan
5.394707831412437482e-01
nan
4.316824960931550659e-01
nan
4.515046217677798346e-01
5.407957067269952844e-01
4.656908775554250979e-01
3.882828486486461506e-01
4.266896343646672807e-01
4.395711049466511922e-01
4.580334223371856917e-01
4.360657346231071596e-01
5.185875466522538169e-01
nan
4.052680147698908275e-01
6.011246562389851444e-01
3.017271511905126880e-01
3.972940557447117160e-01
4.393178169300567815e-01
nan
5.609568999515959220e-01
4.796599854078142933e-01
nan
4.003484954061528600e-01
4.177758058211967218e-01
nan
3.679822871844682930e-01
nan
4.710583162096129706e-01
nan
4.097503174756346733e-01
3.560605850456072252e-01
4.874882373621463594e-01
4.697905442965154554e-01
3.926790966329786192e-01
3.917334774998062485e-01
4.210316022474099862e-01
4.369193739961174661e-01
3.708753055239819574e-01
4.090329061961184842e-01
4.787319583978801862e-01
4.520544970913036864e-01
3.790941465713865699e-01
4.314661673397975905e-01
nan
nan
4.086611292193597089e-01
4.391133194709926912e-01
nan
3.805635536527032792e-01
4.599681100911537923e-01
4.868712278618230194e-01
6.810259689331130684e-01
4.813152098577132554e-01
4.161703839707039942e-01
nan
5.101953851946802176e-01
nan
5.193820668613079450e-01
4.879573319521834929e-01
nan
2.680384789674730150e-01
3.137627869089741894e-01
nan
4.206091677604171797e-01
nan
4.774231221647637913e-01
5.738490146257434477e-01
3.965691229565323495e-01
3.827212203730765983e-01
nan
nan
nan
4.655528580722604337e-01
4.666150498708441785e-01
4.554258895147574315e-01
4.686053704593021729e-01
3.237452484469677261e-01
5.909417268695200676e-01
nan
5.259525009200470835e-01
4.270524828656304672e-01
nan
4.863731848473668018e-01
4.334848397201158665e-01
3.952723384207897928e-01
4.665964201791290566e-01
nan
4.615966815703435033e-01
3.548206066744393206e-01
4.447569488223764855e-01
4.806563944959496570e-01
nan
4.501881896360064306e-01
nan
3.925929965642103170e-01
4.533349353775459334e-01
3.999100950380310993e-01
2.348669829176098511e-01
nan
nan
3.333717369929678487e-01
3.556024084999256929e-01
4.124187486666652247e-01
6.316735338933822108e-01
4.128934089123987849e-01
4.042311053576786439e-01
5.847265177546133730e-01
4.360877839240729359e-01
nan
3.692343528213035131e-01
3.767597175311766522e-01
4.210060167623723704e-01
3.098850992791872261e-01
3.939759200806353667e-01
3.795497698650421303e-01
4.802324442150060491e-01
nan
4.364622528653717692e-01
5.570190744028199470e-01
3.600850365957851684e-01
nan
4.524639294495187425e-01
4.398026877317270378e-01
4.660249787505432173e-01
5.223984892785753509e-01
2.592046036916161866e-01
4.466390212029083817e-01
3.559782313467010906e-01
5.224776500515686539e-01
nan
nan
5.327678110727639416e-01
nan
2.970925703363019310e-01
4.855397064658168449e-01
3.466402740955502049e-01
6.206634026000767967e-01
nan
3.096116535894568589e-01
4.234834736437114722e-01
5.194138138634352142e-01
3.132464369431632312e-01
4.073450952611292752e-01
nan
4.403100031184856156e-01
nan
2.852849575131439219e-01
5.361058987071748438e-01
3.209420201371486203e-01
4.605900087791381936e-01
4.079029003092273231e-01
3.425856929100581372e-01
nan
4.040522508734076257e-01
4.301725816279976522e-01
4.324006907898033103e-01
6.038271485729027610e-01
5.523625276466131995e-01
4.976517987553125688e-01
4.189020390035435581e-01
4.168322795161632510e-01
4.794941690512319332e-01
4.909413302067705542e-01
4.510280938657484362e-01
3.806060578246374670e-01
5.431976395329253249e-01
nan
5.195432494604348417e-01
5.616250618926877936e-01
3.732590425891630925e-01
4.480586655243719574e-01
nan
4.430765675860995345e-01
3.958152260544364753e-01
nan
nan
nan
nan
3.116965225605251577e-01
4.056805825176308389e-01
5.580372448766193205e-01
4.385245324574624792e-01
4.967243171607380603e-01
5.083118926947027827e-01
5.352965117501378156e-01
2.764983811978934947e-01
nan
nan
2.763139369555119851e-01
nan
4.915734878816778175e-01
3.412270619583798736e-01
6.190721923374039593e-01
3.949698398514229214e-01
4.609082114997285484e-01
4.697886322296057626e-01
3.214216090878482812e-01
4.135660243880653342e-01
4.361534339840951735e-01
4.593050515127017341e-01
